  73    
 0.1572370E+02
       0.1844737E+02
       0.3138695E+02
       0.4603821E+02
       0.4647375E+02
       0.5193897E+02
       0.5426929E+02
       0.5653319E+02
       0.8792133E+02
       0.9387358E+02
       0.1032523E+03
       0.1163626E+03
       0.1369302E+03
       0.1423961E+03
       0.1488736E+03
       0.1527307E+03
       0.1596233E+03
       0.1620555E+03
       0.1845718E+03
       0.2091140E+03
       0.2179012E+03
       0.2389695E+03
       0.2689469E+03
       0.2787525E+03
       0.2815351E+03
       0.3003165E+03
       0.3019031E+03
       0.3100562E+03
       0.3130969E+03
       0.3199012E+03
       0.3366862E+03
       0.3621329E+03
       0.3752098E+03
       0.3765874E+03
       0.3860085E+03
       0.3980436E+03
       0.4383598E+03
       0.4414275E+03
       0.4489852E+03
       0.4564463E+03
       0.4579576E+03
       0.4945102E+03
       0.5000651E+03
       0.5003471E+03
       0.5005410E+03
       0.5084276E+03
       0.5277389E+03
       0.5840452E+03
       0.5959217E+03
       0.6134546E+03
       0.6146371E+03
       0.6149969E+03
       0.6291835E+03
       0.6635730E+03
       0.6816587E+03
       0.7013550E+03
       0.7164710E+03
       0.7401688E+03
       0.7416770E+03
       0.7553579E+03
       0.7856014E+03
       0.7885820E+03
       0.8032545E+03
       0.8609926E+03
       0.8665961E+03
       0.8677376E+03
       0.8993659E+03
       0.9051902E+03
       0.9114917E+03
       0.9306010E+03
       0.9593833E+03
       0.9780079E+03
       0.9948491E+03
