 241
      0.0000000E+00
       0.0000000E+00
       0.0000000E+00
       0.7251849E-04
       0.7338219E-04
       0.1297085E-03
       0.2652324E+01
       0.7303477E+01
       0.1234562E+02
       0.1429309E+02
       0.1789892E+02
       0.2356643E+02
       0.2492316E+02
       0.3507961E+02
       0.3795276E+02
       0.4544938E+02
       0.4877322E+02
       0.5163452E+02
       0.6457560E+02
       0.6614572E+02
       0.7162050E+02
       0.8097544E+02
       0.8163949E+02
       0.8240462E+02
       0.9824783E+02
       0.1021659E+03
       0.1160800E+03
       0.1209979E+03
       0.1237420E+03
       0.1352216E+03
       0.1431151E+03
       0.1467783E+03
       0.1550322E+03
       0.1557306E+03
       0.1562069E+03
       0.1616480E+03
       0.1634938E+03
       0.1688645E+03
       0.1734445E+03
       0.1776426E+03
       0.1806354E+03
       0.1942473E+03
       0.1992298E+03
       0.2009659E+03
       0.2071453E+03
       0.2099920E+03
       0.2143103E+03
       0.2256903E+03
       0.2258739E+03
       0.2288857E+03
       0.2461020E+03
       0.2510415E+03
       0.2517690E+03
       0.2572624E+03
       0.2667121E+03
       0.2791845E+03
       0.2848963E+03
       0.2880278E+03
       0.2885701E+03
       0.2942499E+03
       0.3078594E+03
       0.3116308E+03
       0.3200813E+03
       0.3352547E+03
       0.3358372E+03
       0.3377093E+03
       0.3532686E+03
       0.3541898E+03
       0.3611765E+03
       0.3634970E+03
       0.3684976E+03
       0.3805079E+03
       0.3864745E+03
       0.3872975E+03
       0.3885946E+03
       0.3889197E+03
       0.3892338E+03
       0.3934817E+03
       0.3979813E+03
       0.4028244E+03
       0.4074644E+03
       0.4144996E+03
       0.4181417E+03
       0.4203207E+03
       0.4224962E+03
       0.4232166E+03
       0.4232181E+03
       0.4294204E+03
       0.4357318E+03
       0.4428277E+03
       0.4445338E+03
       0.4594265E+03
       0.4608472E+03
       0.4655918E+03
       0.4679541E+03
       0.4688415E+03
       0.4720552E+03
       0.4776176E+03
       0.4789917E+03
       0.4949268E+03
       0.4949627E+03
       0.4965909E+03
       0.4972045E+03
       0.5021724E+03
       0.5050090E+03
       0.5104144E+03
       0.5158929E+03
       0.5166433E+03
       0.5184277E+03
       0.5331754E+03
       0.5345468E+03
       0.5405553E+03
       0.5406161E+03
       0.5415144E+03
       0.5482075E+03
       0.5495504E+03
       0.5548422E+03
       0.5559061E+03
       0.5595842E+03
       0.5621726E+03
       0.5640111E+03
       0.5650198E+03
       0.5656926E+03
       0.5686796E+03
       0.5701084E+03
       0.5729639E+03
       0.5732581E+03
       0.5771530E+03
       0.5886296E+03
       0.5889774E+03
       0.5976709E+03
       0.6014860E+03
       0.6116870E+03
       0.6123738E+03
       0.6126576E+03
       0.6143057E+03
       0.6164719E+03
       0.6165271E+03
       0.6310504E+03
       0.6400018E+03
       0.6408327E+03
       0.6470917E+03
       0.6526209E+03
       0.6537527E+03
       0.6650681E+03
       0.6669575E+03
       0.6675734E+03
       0.6696252E+03
       0.6719010E+03
       0.6856831E+03
       0.6869976E+03
       0.6889606E+03
       0.6926439E+03
       0.6930903E+03
       0.6939404E+03
       0.6941094E+03
       0.6959391E+03
       0.6987936E+03
       0.6994789E+03
       0.7024956E+03
       0.7079987E+03
       0.7154481E+03
       0.7178913E+03
       0.7251379E+03
       0.7256923E+03
       0.7280945E+03
       0.7322533E+03
       0.7336795E+03
       0.7349224E+03
       0.7371019E+03
       0.7388239E+03
       0.7401140E+03
       0.7414757E+03
       0.7446201E+03
       0.7551353E+03
       0.7560208E+03
       0.7606485E+03
       0.7653455E+03
       0.7698935E+03
       0.7710075E+03
       0.7724417E+03
       0.7737569E+03
       0.7775428E+03
       0.7859272E+03
       0.7882332E+03
       0.7883692E+03
       0.7999574E+03
       0.8025291E+03
       0.8025712E+03
       0.8070171E+03
       0.8083915E+03
       0.8097733E+03
       0.8129202E+03
       0.8176826E+03
       0.8190536E+03
       0.8271205E+03
       0.8360442E+03
       0.8364250E+03
       0.8375828E+03
       0.8415197E+03
       0.8453367E+03
       0.8489891E+03
       0.8495694E+03
       0.8551223E+03
       0.8621604E+03
       0.8692423E+03
       0.8743381E+03
       0.8745914E+03
       0.8780615E+03
       0.8787283E+03
       0.8817944E+03
       0.8820206E+03
       0.8859734E+03
       0.8925717E+03
       0.8966924E+03
       0.9051781E+03
       0.9120625E+03
       0.9127981E+03
       0.9143114E+03
       0.9155158E+03
       0.9169153E+03
       0.9244829E+03
       0.9245415E+03
       0.9388675E+03
       0.9418056E+03
       0.9459610E+03
       0.9489244E+03
       0.9491406E+03
       0.9495780E+03
       0.9508758E+03
       0.9554053E+03
       0.9630019E+03
       0.9643251E+03
       0.9687696E+03
       0.9777228E+03
       0.9813401E+03
       0.9841300E+03
       0.9884499E+03
       0.9929690E+03
       0.9941969E+03
       0.9975319E+03
